# Final maximal matching with 202 edges
13 88
351 428
246 354
237 296
52 214
81 277
352 408
386 495
429 475
107 195
298 391
207 282
69 394
100 275
467 477
1 369
45 284
46 249
60 92
10 381
244 493
156 490
62 309
162 460
433 472
182 481
165 410
323 450
73 147
187 288
223 253
35 401
72 276
37 200
39 108
65 191
217 405
48 248
27 463
15 25
55 61
189 324
303 346
205 232
50 120
53 137
304 448
90 110
85 178
127 486
71 225
20 271
9 186
299 360
184 230
164 498
245 343
42 454
21 59
103 314
86 243
4 290
77 487
198 283
139 142
400 427
278 312
5 7
176 411
264 267
12 333
75 261
293 300
363 438
24 197
199 476
105 106
79 206
318 488
251 279
70 356
98 228
22 190
150 211
41 478
273 382
119 443
93 305
307 338
123 239
58 149
145 370
168 344
78 289
263 417
28 169
91 118
236 326
34 368
80 432
161 451
196 372
183 402
23 163
126 212
241 407
143 466
383 390
157 175
3 135
174 328
254 272
325 497
121 301
155 159
130 313
11 447
340 366
297 392
224 365
397 458
2 227
154 233
66 349
82 226
122 292
74 252
99 489
331 393
294 374
114 242
76 133
172 357
306 412
0 141
84 375
128 308
101 269
316 453
218 482
179 216
49 97
202 220
32 413
334 440
129 483
56 102
115 362
247 420
36 337
215 339
29 124
229 457
136 140
47 355
456 468
287 492
259 485
40 389
148 425
96 180
116 192
170 181
67 464
44 377
8 94
134 353
256 406
19 341
68 151
17 234
361 434
87 131
166 250
376 14
473 474
204 435
111 152
18 177
16 418
63 231
260 421
54 173
43 444
113 442
398 446
280 320
112 327
262 348
209 342
6 208
257 455
104 350
125 144
431 479
171 315
38 51
26 302
153 462
30 336
201 258
194 426
